best_hyperparameters:
  learning_rate: 0.00013330426698343996
  lora_alpha: 8
  lora_dropout: 0.04390150499369709
  num_train_epochs: 3
  per_device_train_batch_size: 8
  warmup_ratio: 0.13983224989973594
  weight_decay: 0.01821200764600821
expected_performance: 0.7733333333333333
method: lora
optimization_summary:
  n_completed: 10
  n_pruned: 0
  n_trials: 10
task: sst2
