best_hyperparameters:
  learning_rate: 8.308735794070606e-05
  lora_alpha: 64
  lora_dropout: 0.030389966214767836
  lora_r: 8
  num_train_epochs: 3
  per_device_train_batch_size: 8
  warmup_ratio: 0.017449819618451844
  weight_decay: 0.06175398525205237
expected_performance: 0.6733333333333333
method: lora
optimization_summary:
  n_completed: 10
  n_pruned: 0
  n_trials: 10
task: sst2
